492 50 3 31
3 19 3
19 37 8
37 22 8
22 28 4
28 42 5
42 0 3
0 18 9
18 40 2
40 45 3
45 23 3
23 20 8
20 9 6
9 1 6
1 34 4
34 24 3
24 10 1
10 27 3
27 33 1
33 6 1
6 21 7
21 13 3
13 2 2
2 14 5
14 47 4
47 36 8
36 49 7
49 29 7
29 5 9
5 48 9
48 41 3
41 12 4
12 17 7
17 32 5
32 8 7
8 16 6
16 26 4
26 38 7
38 4 8
4 43 9
43 35 7
35 44 5
44 31 3
31 7 1
7 30 1
30 11 6
11 25 7
25 39 2
39 15 1
15 46 5
31 47 2
35 30 1
22 49 2
44 19 8
16 28 1
49 37 3
2 48 8
1 28 3
12 46 2
31 10 5
48 23 7
5 2 2
44 49 5
24 47 7
1 46 2
3 43 7
46 14 9
19 32 1
6 13 1
6 41 2
37 40 4
33 40 3
34 25 9
41 31 6
43 25 1
27 47 3
29 39 5
8 28 5
47 11 2
34 28 2
3 32 8
20 2 4
15 9 9
7 23 9
21 47 6
33 1 9
32 21 7
37 42 5
30 49 3
34 29 3
18 13 1
8 48 9
18 35 3
18 14 2
15 41 8
33 16 4
2 33 1
19 14 4
23 5 9
8 38 2
39 33 1
35 40 3
7 16 2
6 20 4
27 19 3
42 27 9
47 3 4
41 42 9
20 25 9
40 17 1
42 10 6
11 35 3
25 35 3
3 7 8
37 1 9
13 47 3
1 5 2
28 37 6
24 18 4
22 39 4
42 21 6
9 40 2
43 7 3
26 13 7
6 8 7
22 34 8
37 34 5
31 4 2
25 18 6
23 42 3
38 0 6
11 26 2
0 49 6
3 21 1
26 15 3
3 37 1
12 49 3
38 49 3
10 34 1
34 33 7
14 40 9
35 20 4
44 13 2
1 3 8
25 12 3
8 15 4
16 19 8
49 5 2
49 21 4
49 28 8
45 36 6
4 44 3
47 8 9
18 37 2
23 49 2
39 28 1
44 15 1
39 12 1
14 4 9
15 49 1
44 9 4
19 38 1
33 37 1
48 27 8
28 5 2
1 21 2
44 48 8
29 10 3
19 36 3
1 38 3
17 21 1
37 15 8
37 25 9
8 25 5
10 44 4
41 8 3
10 8 2
5 43 5
4 19 2
5 16 4
11 20 7
6 46 1
42 19 8
13 9 6
44 12 5
32 14 5
25 45 3
13 43 6
49 46 5
4 46 6
7 12 8
8 31 3
40 31 8
30 29 7
38 6 9
22 47 2
45 26 7
3 26 6
20 12 2
42 9 3
30 2 7
43 49 9
7 28 8
28 10 6
2 24 8
41 23 2
33 41 6
31 9 3
30 23 8
11 12 2
2 32 2
42 39 2
2 19 6
20 17 8
7 2 9
16 38 3
25 46 1
41 3 8
40 2 7
3 49 8
2 46 9
47 38 4
4 36 7
11 7 6
22 45 9
15 10 2
5 19 6
0 19 1
20 48 3
20 18 8
46 31 4
29 42 9
11 31 4
21 45 5
27 38 4
5 11 1
46 13 1
24 39 5
49 17 5
30 27 2
21 39 3
36 0 7
20 21 5
37 0 6
7 22 5
38 29 6
45 16 3
22 16 9
31 24 2
39 47 4
0 6 1
41 20 9
42 40 3
49 48 3
37 29 8
27 2 8
28 9 2
31 17 9
38 17 4
22 15 5
33 13 9
37 9 7
38 42 1
46 20 3
28 46 8
39 14 2
30 15 8
0 24 6
41 16 4
44 6 4
49 19 9
30 8 8
6 14 8
18 38 4
9 27 6
42 43 8
25 2 1
42 37 2
26 12 5
34 2 3
23 8 9
22 46 4
49 10 3
14 21 4
45 42 1
24 32 2
28 35 9
24 3 5
10 32 4
28 39 8
35 9 5
4 10 3
45 49 5
38 40 3
40 23 6
9 35 7
28 41 1
6 45 3
27 36 8
14 1 1
13 42 6
43 11 8
49 26 2
13 6 6
32 26 9
17 20 4
42 44 2
44 41 8
12 28 9
37 17 8
30 0 8
1 33 7
33 14 4
20 14 5
40 47 9
14 36 3
9 26 6
5 13 8
33 32 6
2 38 9
47 30 9
43 40 8
5 28 8
36 13 8
14 20 3
12 37 8
6 0 6
1 4 3
32 25 3
39 5 7
45 43 5
0 15 1
30 16 7
42 26 9
5 20 4
19 7 4
24 4 8
43 46 1
48 35 8
24 14 1
19 49 5
1 49 1
47 15 6
26 17 9
17 44 3
1 19 6
2 0 5
13 34 3
2 37 7
14 15 4
34 42 6
9 45 4
0 31 9
21 41 1
33 36 8
31 8 2
7 9 6
0 22 3
49 38 2
30 47 9
9 0 6
31 3 7
8 35 6
24 5 4
27 16 7
1 8 5
24 48 9
45 0 9
29 17 3
40 29 6
19 3 9
25 0 4
18 46 9
47 41 8
24 21 8
40 46 5
15 0 6
23 44 9
18 22 3
7 21 2
23 4 3
12 5 5
12 29 5
1 17 8
18 34 6
39 25 8
20 45 5
36 23 5
31 41 8
13 36 7
28 36 6
34 11 9
31 19 3
48 12 5
35 7 2
2 22 2
43 33 1
38 47 3
5 22 1
24 33 5
44 8 5
22 3 4
2 45 1
40 30 7
0 1 4
33 44 7
31 18 9
20 6 5
26 24 8
43 37 1
42 6 2
33 19 2
5 6 8
3 33 4
47 23 2
14 7 5
14 46 8
45 1 9
14 37 1
28 25 3
13 48 9
47 9 2
29 38 5
21 43 2
12 10 1
5 27 5
25 42 9
5 29 6
36 5 8
17 37 1
21 23 6
15 8 6
38 22 5
6 28 2
0 45 8
18 32 2
44 36 1
18 47 4
5 33 9
33 34 4
30 20 8
15 39 9
36 37 1
40 38 6
15 6 7
0 28 7
34 20 6
39 16 7
25 10 7
41 38 1
27 8 4
28 40 8
11 47 1
6 26 5
0 40 6
21 25 1
23 12 7
28 18 5
13 22 7
41 10 9
18 7 8
6 25 9
44 42 5
30 12 5
32 16 1
29 37 5
37 13 1
20 24 1
47 42 9
0 44 9
7 49 5
28 21 9
9 37 6
5 34 4
20 41 8
11 41 3
20 33 8
29 3 1
12 31 7
22 2 1
30 34 2
20 5 4
10 23 6
22 13 6
20 0 8
23 22 3
45 47 3
41 0 8
32 13 7
18 24 2
11 21 8
25 37 6
14 35 8
